Date,DemSeatsMean,RepSeatsMean,DemSeatsLow95,DemSeatsHigh95,RepSeatsLow95,RepSeatsHigh95,DemWinChance,RepWinChance,DemPopVoteMean,RepPopVoteMean,DemPopVoteLow95,DemPopVoteHigh95,RepPopVoteLow95,RepPopVoteHigh95,DemPopVoteWinChance,RepPopVoteWinChance
2025-11-08,228.4018,206.5982,205,260,175,230,0.8091,0.1909,0.53208536676472,0.46791463323528,0.493916184861091,0.57025454866835,0.42974545133165,0.506083815138909,0.953639756211134,0.0463602437888659
2025-11-09,228.7992,206.2008,206,260,175,229,0.8105,0.1895,0.532592956336557,0.467407043663443,0.49445080501582,0.570735107657295,0.429264892342705,0.50554919498418,0.956276895306153,0.0437231046938471
2025-11-10,229.42,205.58,207,262,173,228,0.8295,0.1705,0.533324525472524,0.466675474527476,0.495330354260275,0.571318696684773,0.428681303315227,0.504669645739725,0.96030114758968,0.0396988524103203
2025-11-11,228.9538,206.0462,206,259,176,229,0.825,0.175,0.533324525472524,0.466675474527476,0.495330354260275,0.571318696684773,0.428681303315227,0.504669645739725,0.96030114758968,0.0396988524103203
2025-11-12,229.1774,205.8226,206,261,174,229,0.8216,0.1784,0.533371780875427,0.466628219124573,0.495389593250848,0.571353968500007,0.428646031499993,0.504610406749152,0.960560967201299,0.0394390327987011
2025-11-13,228.9478,206.0522,206,260,175,229,0.8229,0.1771,0.533168101812375,0.466831898187625,0.495192110728522,0.571144092896228,0.428855907103772,0.504807889271478,0.959663393171922,0.0403366068280779
2025-11-14,228.8136,206.1864,206,261,174,229,0.8175,0.1825,0.532773415550152,0.467226584449848,0.494806146091805,0.570740685008498,0.429259314991502,0.505193853908195,0.957862586713336,0.0421374132866639
2025-11-15,228.2095,206.7905,205,259,176,230,0.7984,0.2016,0.531889947701772,0.468110052298228,0.494034770687122,0.569745124716421,0.430254875283579,0.505965229312878,0.953990223772693,0.0460097762273073
2025-11-16,228.2334,206.7666,205,259,176,230,0.8043,0.1957,0.531561893120339,0.468438106879661,0.493713417968288,0.56941036827239,0.43058963172761,0.506286582031712,0.952322542762269,0.0476774572377312
2025-11-17,227.8641,207.1359,204,258,177,231,0.7965,0.2035,0.531561893120339,0.468438106879661,0.493713417968288,0.56941036827239,0.43058963172761,0.506286582031712,0.952322542762269,0.0476774572377312
2025-11-18,227.9814,207.0186,204,258,177,231,0.7967,0.2033,0.531561893120339,0.468438106879661,0.493713417968288,0.56941036827239,0.43058963172761,0.506286582031712,0.952322542762269,0.0476774572377312
2025-11-19,227.993,207.007,205,259,176,230,0.7948,0.2052,0.531561893120339,0.468438106879661,0.493713417968288,0.56941036827239,0.43058963172761,0.506286582031712,0.952322542762269,0.0476774572377312
2025-11-20,228.1842,206.8158,204.5,259,176,230.5,0.8,0.2,0.531561893120339,0.468438106879661,0.493713417968288,0.56941036827239,0.43058963172761,0.506286582031712,0.952322542762269,0.0476774572377312
2025-11-21,227.33,207.67,204,257,178,231,0.7858,0.2142,0.530818221147794,0.469181778852206,0.49299235895127,0.568644083344317,0.431355916655683,0.50700764104873,0.948394155294248,0.0516058447057521
2025-11-22,227.1602,207.8398,203,258,177,232,0.7748,0.2252,0.530462935280798,0.469537064719202,0.492659279535844,0.568266591025752,0.431733408974248,0.507340720464156,0.946479811496761,0.0535201885032389
2025-11-23,227.7335,207.2665,204,258,177,231,0.791,0.209,0.531034525713671,0.468965474286329,0.493244058956524,0.568824992470818,0.431175007529182,0.506755941043476,0.949751882020243,0.0502481179797574
2025-11-24,227.747,207.253,204,258,177,231,0.7901,0.2099,0.531034525713671,0.468965474286329,0.493244058956524,0.568824992470818,0.431175007529182,0.506755941043476,0.949751882020243,0.0502481179797574
2025-11-25,227.8892,207.1108,205,258,177,230,0.7928,0.2072,0.531034525713671,0.468965474286329,0.493244058956524,0.568824992470818,0.431175007529182,0.506755941043476,0.949751882020243,0.0502481179797574
2025-11-26,227.593,207.407,204,257,178,231,0.7979,0.2021,0.531034525713671,0.468965474286329,0.493244058956524,0.568824992470818,0.431175007529182,0.506755941043476,0.949751882020243,0.0502481179797574
2025-11-27,227.383,207.617,204,257,178,231,0.7856,0.2144,0.531034525713671,0.468965474286329,0.493244058956524,0.568824992470818,0.431175007529182,0.506755941043476,0.949751882020243,0.0502481179797574
2025-11-28,227.609,207.391,204,258,177,231,0.7908,0.2092,0.531034525713671,0.468965474286329,0.493244058956524,0.568824992470818,0.431175007529182,0.506755941043476,0.949751882020243,0.0502481179797574
2025-11-29,227.8623,207.1377,205,259,176,230,0.7944,0.2056,0.531034525713671,0.468965474286329,0.493244058956524,0.568824992470818,0.431175007529182,0.506755941043476,0.949751882020243,0.0502481179797574
2025-11-30,227.8136,207.1864,204,258,177,231,0.7975,0.2025,0.531412071147093,0.468587928852907,0.493636382923102,0.569187759371084,0.430812240628916,0.506363617076898,0.951852187903417,0.048147812096583
2025-12-01,228.0479,206.9521,204,258,177,231,0.7993,0.2007,0.531412071147093,0.468587928852907,0.493636382923102,0.569187759371084,0.430812240628916,0.506363617076898,0.951852187903417,0.048147812096583
2025-12-02,227.945,207.055,205,258,177,230,0.7974,0.2026,0.531412071147093,0.468587928852907,0.493636382923102,0.569187759371084,0.430812240628916,0.506363617076898,0.951852187903417,0.048147812096583
2025-12-03,226.3827,208.6173,202,255,180,233,0.7616,0.2384,0.529223371911446,0.470776628088554,0.491469449925114,0.566977293897777,0.433022706102223,0.508530550074886,0.939200561199983,0.060799438800017
2025-12-04,226.255,208.745,202,256,179,233,0.7612,0.2388,0.529223371911446,0.470776628088554,0.491469449925114,0.566977293897777,0.433022706102223,0.508530550074886,0.939200561199983,0.060799438800017
2025-12-05,226.6868,208.3132,203,255,180,232,0.7703,0.2297,0.529452273193734,0.470547726806266,0.491708507153027,0.567196039234441,0.432803960765559,0.508291492846973,0.940696003086403,0.0593039969135971
2025-12-06,226.3838,208.6162,203,256.5,178.5,232,0.756,0.244,0.529278061993157,0.470721938006843,0.491572620682681,0.566983503303634,0.433016496696366,0.508427379317319,0.939787081936702,0.0602129180632975
2025-12-07,226.7248,208.2752,203,257,178,232,0.7634,0.2366,0.529755596967391,0.470244403032609,0.492059840555162,0.56745135337962,0.43254864662038,0.507940159444838,0.942800306999164,0.057199693000836
2025-12-08,227.0153,207.9847,203,257,178,232,0.7727,0.2273,0.529787776446178,0.470212223553822,0.492099120188685,0.56747643270367,0.43252356729633,0.507900879811314,0.943029995658322,0.0569700043416784
2025-12-09,226.8639,208.1361,203,257,178,232,0.7731,0.2269,0.529787776446178,0.470212223553822,0.492099120188685,0.56747643270367,0.43252356729633,0.507900879811314,0.943029995658322,0.0569700043416784
2025-12-10,226.8594,208.1406,203,256,179,232,0.773,0.227,0.529787776446178,0.470212223553822,0.492099120188685,0.56747643270367,0.43252356729633,0.507900879811314,0.943029995658322,0.0569700043416784
2025-12-11,226.984,208.016,204,257,178,231,0.7822,0.2178,0.52980687526892,0.47019312473108,0.492131528340432,0.567482222197408,0.432517777802592,0.507868471659568,0.943209598287201,0.0567904017127994
2025-12-12,226.7655,208.2345,203,257,178,232,0.7747,0.2253,0.52980687526892,0.47019312473108,0.492131528340432,0.567482222197408,0.432517777802592,0.507868471659568,0.943209598287201,0.0567904017127994
2025-12-13,226.9931,208.0069,204,257,178,231,0.773,0.227,0.52988767614241,0.47011232385759,0.49221822029993,0.567557131984889,0.432442868015111,0.50778177970007,0.943725415172965,0.056274584827035
2025-12-14,227.9429,207.0571,204,259,176,231,0.7929,0.2071,0.53111156670548,0.46888843329452,0.493562104399881,0.568661029011078,0.431338970988922,0.506437895600119,0.951250153539455,0.048749846460545
2025-12-15,227.7585,207.2415,204,258,177,231,0.7924,0.2076,0.531036182405318,0.468963817594682,0.493490193453007,0.568582171357629,0.431417828642371,0.506509806546993,0.950858536021573,0.0491414639784266
2025-12-16,228.1548,206.8452,206,258,177,229,0.8029,0.1971,0.531794085992058,0.468205914007942,0.494349755492993,0.569238416491122,0.430761583508878,0.505650244507007,0.955265518614389,0.0447344813856112
2025-12-17,229.4023,205.5977,207,260,175,228,0.8362,0.1638,0.533758536905253,0.466241463094747,0.496320789135562,0.571196284674945,0.428803715325055,0.503679210864438,0.964341146496553,0.0356588535034467
2025-12-18,229.5466,205.4534,207,260,175,228,0.8346,0.1654,0.533758536905253,0.466241463094747,0.496320789135562,0.571196284674945,0.428803715325055,0.503679210864438,0.964341146496553,0.0356588535034467
2025-12-19,229.5211,205.4789,207,261,174,228,0.8314,0.1686,0.533758536905253,0.466241463094747,0.496320789135562,0.571196284674945,0.428803715325055,0.503679210864438,0.964341146496553,0.0356588535034467
2025-12-20,229.3908,205.6092,207,261,174,228,0.8312,0.1688,0.533502236841521,0.466497763158479,0.496075257617125,0.570929216065917,0.429070783934083,0.503924742382875,0.963294903942621,0.0367050960573788
2025-12-21,229.1187,205.8813,207,259,176,228,0.8301,0.1699,0.533290822226161,0.466709177773839,0.495869918313362,0.57071172613896,0.42928827386104,0.504130081686638,0.962401705184242,0.0375982948157584
2025-12-22,229.1139,205.8861,206,259,176,229,0.8303,0.1697,0.533290822226161,0.466709177773839,0.495869918313362,0.57071172613896,0.42928827386104,0.504130081686638,0.962401705184242,0.0375982948157584
2025-12-23,228.9706,206.0294,207,259.5,175.5,228,0.8257,0.1743,0.533290822226161,0.466709177773839,0.495869918313362,0.57071172613896,0.42928827386104,0.504130081686638,0.962401705184242,0.0375982948157584
2025-12-24,228.97,206.03,206,261,174,229,0.8214,0.1786,0.533290822226161,0.466709177773839,0.495869918313362,0.57071172613896,0.42928827386104,0.504130081686638,0.962401705184242,0.0375982948157584
2025-12-25,229.2175,205.7825,206,261,174,229,0.8254,0.1746,0.533290822226161,0.466709177773839,0.495869918313362,0.57071172613896,0.42928827386104,0.504130081686638,0.962401705184242,0.0375982948157584
2025-12-26,228.9093,206.0907,206,261,174,229,0.8233,0.1767,0.533290822226161,0.466709177773839,0.495869918313362,0.57071172613896,0.42928827386104,0.504130081686638,0.962401705184242,0.0375982948157584
2025-12-27,228.3639,206.6361,206,260,175,229,0.812,0.188,0.532649457680358,0.467350542319642,0.495261159656527,0.570037755704188,0.429962244295812,0.504738840343472,0.959638533546645,0.0403614664533549
2025-12-28,228.6464,206.3536,207,258.5,176.5,228,0.819,0.181,0.532685843618565,0.467314156381435,0.495306258663482,0.570065428573648,0.429934571426352,0.504693741336518,0.959842449646607,0.0401575503533931
2025-12-29,228.727,206.273,206,259,176,229,0.8148,0.1852,0.532685843618565,0.467314156381435,0.495306258663482,0.570065428573648,0.429934571426352,0.504693741336518,0.959842449646607,0.0401575503533931
2025-12-30,228.8685,206.1315,206,259,176,229,0.8197,0.1803,0.532685843618565,0.467314156381435,0.495306258663482,0.570065428573648,0.429934571426352,0.504693741336518,0.959842449646607,0.0401575503533931
2025-12-31,229.3717,205.6283,207,259,176,228,0.8369,0.1631,0.53383255773117,0.46616744226883,0.496463405847813,0.571201709614526,0.428798290385474,0.503536594152187,0.964907990092839,0.035092009907161
2026-01-01,229.4167,205.5833,207,261,174,228,0.8298,0.1702,0.53383255773117,0.46616744226883,0.496463405847813,0.571201709614526,0.428798290385474,0.503536594152187,0.964907990092839,0.035092009907161
2026-01-02,229.6962,205.3038,208,261,174,227,0.8365,0.1635,0.53383255773117,0.46616744226883,0.496463405847813,0.571201709614526,0.428798290385474,0.503536594152187,0.964907990092839,0.035092009907161
2026-01-03,229.1825,205.8175,207,260,175,228,0.8305,0.1695,0.533203717506022,0.466796282493978,0.495858944642397,0.570548490369646,0.429451509630354,0.504141055357603,0.962316603513941,0.0376833964860593
2026-01-04,229.1245,205.8755,207,260,175,228,0.8299,0.1701,0.533454777803504,0.466545222196496,0.496121453749647,0.570788101857361,0.429211898142639,0.503878546250353,0.96345118875363,0.0365488112463697
2026-01-05,229.4452,205.5548,207,261,174,228,0.8317,0.1683,0.533454777803504,0.466545222196496,0.496121453749647,0.570788101857361,0.429211898142639,0.503878546250353,0.96345118875363,0.0365488112463697
2026-01-06,229.0579,205.9421,207,260,175,228,0.8252,0.1748,0.533223046612114,0.466776953387886,0.49590586993699,0.570540223287238,0.429459776712762,0.50409413006301,0.962509180973095,0.0374908190269047
2026-01-07,228.4865,206.5135,207,259,176,228,0.812,0.188,0.532293114659806,0.467706885340194,0.494995031715069,0.569591197604544,0.430408802395456,0.505004968284931,0.958329672174461,0.0416703278255386
2026-01-08,228.5332,206.4668,206,258,177,229,0.8208,0.1792,0.532293114659806,0.467706885340194,0.494995031715069,0.569591197604544,0.430408802395456,0.505004968284931,0.958329672174461,0.0416703278255386
2026-01-09,228.1921,206.8079,205,258,177,230,0.8033,0.1967,0.532293114659806,0.467706885340194,0.494995031715069,0.569591197604544,0.430408802395456,0.505004968284931,0.958329672174461,0.0416703278255386
2026-01-10,228.6505,206.3495,207,259,176,228,0.8141,0.1859,0.532293114659806,0.467706885340194,0.494995031715069,0.569591197604544,0.430408802395456,0.505004968284931,0.958329672174461,0.0416703278255386
2026-01-11,228.8976,206.1024,206,259.5,175.5,229,0.8217,0.1783,0.532738791424258,0.467261208575742,0.495527725105526,0.56994985774299,0.43005014225701,0.504472274894474,0.960764432502278,0.0392355674977219
2026-01-12,228.6889,206.3111,206,259,176,229,0.8192,0.1808,0.532738791424258,0.467261208575742,0.495527725105526,0.56994985774299,0.43005014225701,0.504472274894474,0.960764432502278,0.0392355674977219
2026-01-13,228.5785,206.4215,207,259,176,228,0.8171,0.1829,0.532564371709543,0.467435628290457,0.495358502361043,0.569770241058042,0.430229758941958,0.504641497638957,0.95998365970136,0.0400163402986395
2026-01-14,229.8029,205.1971,208,261,174,227,0.8369,0.1631,0.534268900676921,0.465731099323079,0.497067998017572,0.571469803336271,0.428530196663729,0.502932001982428,0.96728942609197,0.03271057390803
2026-01-15,228.9279,206.0721,206,259,176,229,0.8235,0.1765,0.532765769449482,0.467234230550518,0.495610061851692,0.569921477047273,0.430078522952727,0.504389938148308,0.961108788895272,0.0388912111047282
2026-01-16,228.641,206.359,207,258,177,228,0.8219,0.1781,0.532765769449482,0.467234230550518,0.495610061851692,0.569921477047273,0.430078522952727,0.504389938148308,0.961108788895272,0.0388912111047282
2026-01-17,229.0375,205.9625,206,260,175,229,0.8263,0.1737,0.533040760230705,0.466959239769295,0.495894141549393,0.570187378912017,0.429812621087983,0.504105858450607,0.962375011922173,0.0376249880778274
2026-01-18,229.2469,205.7531,207,261,174,228,0.8253,0.1747,0.533281996383063,0.466718003616937,0.49614143334558,0.570422559420545,0.429577440579455,0.50385856665442,0.963450989228583,0.0365490107714169
2026-01-19,229.1913,205.8087,206,261,174,229,0.8164,0.1836,0.533281996383063,0.466718003616937,0.49614143334558,0.570422559420545,0.429577440579455,0.50385856665442,0.963450989228583,0.0365490107714169
2026-01-20,229.2886,205.7114,207,261,174,228,0.8269,0.1731,0.533281996383063,0.466718003616937,0.49614143334558,0.570422559420545,0.429577440579455,0.50385856665442,0.963450989228583,0.0365490107714169
2026-01-21,229.3948,205.6052,207,260,175,228,0.8327,0.1673,0.533513552059301,0.466486447940699,0.496378502134089,0.570648601984514,0.429351398015486,0.503621497865911,0.964459159200288,0.0355408407997115
2026-01-22,229.389,205.611,207,260,175,228,0.836,0.164,0.533513552059301,0.466486447940699,0.496378502134089,0.570648601984514,0.429351398015486,0.503621497865911,0.964459159200288,0.0355408407997115
2026-01-23,227.8509,207.1491,205,258,177,230,0.8027,0.1973,0.531384966033975,0.468615033966025,0.494304826947585,0.568465105120365,0.431534894879635,0.505695173052415,0.95475495561078,0.0452450443892196
2026-01-24,228.0889,206.9111,205,259,176,230,0.8024,0.1976,0.531623433474935,0.468376566525065,0.494547771896168,0.568699095053701,0.431300904946299,0.505452228103832,0.955985384047143,0.0440146159528568
2026-01-25,228.2617,206.7383,206,259,176,229,0.8106,0.1894,0.532120324946109,0.467879675053891,0.495048584038588,0.569192065853631,0.430807934146369,0.504951415961412,0.958440952254386,0.0415590477456145
2026-01-26,228.5215,206.4785,206,259,176,229,0.8088,0.1912,0.532330704580325,0.467669295419675,0.495266176872045,0.569395232288605,0.430604767711395,0.504733823127955,0.959469529895113,0.040530470104887
2026-01-27,228.7728,206.2272,206,260,175,229,0.8174,0.1826,0.532464496029888,0.467535503970112,0.495403862975396,0.56952512908438,0.43047487091562,0.504596137024604,0.960110226162345,0.0398897738376551
2026-01-28,228.62,206.38,206,260,175,229,0.816,0.184,0.532545261329146,0.467454738670854,0.495488033033062,0.56960248962523,0.43039751037477,0.504511966966938,0.960497316017662,0.0395026839823382
2026-01-29,228.138,206.862,205,258.5,176.5,230,0.8056,0.1944,0.531844088218967,0.468155911781033,0.494822240794645,0.56886593564329,0.43113406435671,0.505177759205355,0.957309792550108,0.042690207449892
2026-01-30,228.1806,206.8194,205,258,177,230,0.8046,0.1954,0.531961825796502,0.468038174203498,0.49494064134825,0.568983010244754,0.431016989755246,0.50505935865175,0.957887213706274,0.0421127862937256
2026-01-31,228.3226,206.6774,206,258.5,176.5,229,0.8128,0.1872,0.532529702561577,0.467470297438423,0.495526377462323,0.569533027660831,0.430466972339169,0.504473622537677,0.960643622652825,0.0393563773471755
2026-02-01,228.4109,206.5891,206,259,176,229,0.8107,0.1893,0.532653696667615,0.467346303332385,0.495653222243268,0.569654171091963,0.430345828908037,0.504346777756733,0.961221650822542,0.0387783491774583
2026-02-02,228.1586,206.8414,206,259,176,229,0.8056,0.1944,0.532030972289554,0.467969027710446,0.495036231497432,0.569025713081676,0.430974286918324,0.504963768502568,0.958332055034147,0.0416679449658535
2026-02-03,228.29,206.71,207,258,177,228,0.8117,0.1883,0.532205554351624,0.467794445648376,0.495227181305465,0.569183927397783,0.430816072602217,0.504772818694535,0.959233432582493,0.0407665674175072
2026-02-04,227.9183,207.0817,206,258,177,229,0.801,0.199,0.53199658925359,0.46800341074641,0.495033608833355,0.568959569673825,0.431040430326175,0.504966391166645,0.958298864004592,0.0417011359954078
2026-02-05,228.4044,206.5956,207,259,176,228,0.812,0.188,0.532384255805042,0.467615744194958,0.495453303272428,0.569315208337656,0.430684791662344,0.504546696727572,0.960265304108734,0.0397346958912661
2026-02-06,228.3696,206.6304,206,258,177,229,0.8148,0.1852,0.532384255805042,0.467615744194958,0.495453303272428,0.569315208337656,0.430684791662344,0.504546696727572,0.960265304108734,0.0397346958912661
2026-02-07,228.3571,206.6429,206,259,176,229,0.8145,0.1855,0.532384255805042,0.467615744194958,0.495453303272428,0.569315208337656,0.430684791662344,0.504546696727572,0.960265304108734,0.0397346958912661
2026-02-08,228.807,206.193,207,259,176,228,0.8231,0.1769,0.53272634209779,0.46727365790221,0.495841171390742,0.569611512804837,0.430388487195163,0.504158828609258,0.962009644199923,0.037990355800077
2026-02-09,228.6814,206.3186,207,258,177,228,0.8208,0.1792,0.53272634209779,0.46727365790221,0.495841171390742,0.569611512804837,0.430388487195163,0.504158828609258,0.962009644199923,0.0379903558000769
2026-02-10,228.7418,206.2582,206,259,176,229,0.8192,0.1808,0.532752933716377,0.467247066283623,0.495871365940224,0.56963450149253,0.43036549850747,0.504128634059776,0.962142932213311,0.0378570677866887
2026-02-11,228.6644,206.3356,208,259,176,227,0.8212,0.1788,0.532752933716377,0.467247066283623,0.495871365940224,0.56963450149253,0.43036549850747,0.504128634059776,0.962142932213312,0.0378570677866883
2026-02-12,228.5911,206.4089,207,259,176,228,0.8186,0.1814,0.532619776951334,0.467380223048666,0.495787229093186,0.569452324809482,0.430547675190518,0.504212770906814,0.961740213275497,0.0382597867245035
2026-02-13,228.2826,206.7174,206,258,177,229,0.8177,0.1823,0.532553904313499,0.467446095686501,0.495722768771984,0.569385039855014,0.430614960144986,0.504277231228016,0.961447667338758,0.0385523326612419
2026-02-14,228.3226,206.6774,206,258,177,229,0.8187,0.1813,0.532553904313499,0.467446095686501,0.495722768771984,0.569385039855014,0.430614960144986,0.504277231228016,0.961447667338758,0.0385523326612419
2026-02-15,228.2812,206.7188,206,258,177,229,0.814,0.186,0.53228679180391,0.46771320819609,0.495466786533385,0.569106797074435,0.430893202925565,0.504533213466615,0.960264485474942,0.0397355145250577
2026-02-16,228.9262,206.0738,207,259,176,228,0.8263,0.1737,0.532870633751811,0.467129366248189,0.496055607002151,0.569685660501471,0.430314339498529,0.503944392997849,0.962927560741666,0.0370724392583337
2026-02-17,229.2029,205.7971,208,260,175,227,0.8347,0.1653,0.533571287025822,0.466428712974178,0.4967614208508,0.570381153200844,0.429618846799156,0.5032385791492,0.965926793860219,0.0340732061397815
2026-02-18,229.0102,205.9898,207,259,176,228,0.8313,0.1687,0.533594120612048,0.466405879387952,0.496784322803892,0.570403918420203,0.429596081579797,0.503215677196108,0.966020716221138,0.0339792837788615
2026-02-19,228.6167,206.3833,207,259,176,228,0.826,0.174,0.533022765356435,0.466977234643565,0.496256704825756,0.569788825887115,0.430211174112885,0.503743295174244,0.963782332557291,0.036217667442709
2026-02-20,228.6713,206.3287,207,259,176,228,0.8209,0.1791,0.533022765356435,0.466977234643565,0.496256704825756,0.569788825887115,0.430211174112885,0.503743295174244,0.963782332557291,0.036217667442709
2026-02-21,228.8498,206.1502,207,259,176,228,0.8196,0.1804,0.532901181207316,0.467098818792684,0.496151741474356,0.569650620940276,0.430349379059724,0.503848258525644,0.963318658668529,0.0366813413314713
2026-02-22,228.9273,206.0727,208,258,177,227,0.8306,0.1694,0.533139107072708,0.466860892927292,0.496396090845502,0.569882123299914,0.430117876700086,0.503603909154498,0.964371145643423,0.0356288543565771
2026-02-23,228.8592,206.1408,207,259,176,228,0.8188,0.1812,0.533139107072708,0.466860892927292,0.496396090845502,0.569882123299914,0.430117876700086,0.503603909154498,0.964371145643423,0.0356288543565771
2026-02-24,228.6429,206.3571,207,259,176,228,0.8199,0.1801,0.533147841412778,0.466852158587222,0.496404827380301,0.569890855445255,0.430109144554745,0.503595172619699,0.964408415008105,0.0355915849918952
2026-02-25,228.7471,206.2529,207,259,176,228,0.8256,0.1744,0.533046291335281,0.466953708664719,0.49630860508257,0.569783977587992,0.430216022412008,0.50369139491743,0.963993856795457,0.0360061432045427
2026-02-26,228.3667,206.6333,206,258,177,229,0.8146,0.1854,0.532774177449744,0.467225822550256,0.496047943283995,0.569500411615494,0.430499588384506,0.503952056716005,0.96285173135826,0.0371482686417403
2026-02-27,228.6366,206.3634,207,259,176,228,0.8212,0.1788,0.532774177449744,0.467225822550256,0.496047943283995,0.569500411615494,0.430499588384506,0.503952056716005,0.96285173135826,0.0371482686417403
2026-02-28,228.3976,206.6024,207,258,177,228,0.8184,0.1816,0.532932222407896,0.467067777592104,0.496207916559777,0.569656528256015,0.430343471743985,0.503792083440223,0.963552194578696,0.0364478054213042
2026-03-01,229.0585,205.9415,206,259,176,229,0.8309,0.1691,0.533210872033623,0.466789127966377,0.496504336485252,0.569917407581994,0.430082592418006,0.503495663514748,0.9648160007373,0.0351839992626997
2026-03-02,228.9576,206.0424,207,259,176,228,0.829,0.171,0.533210872033623,0.466789127966377,0.496504336485252,0.569917407581994,0.430082592418006,0.503495663514748,0.9648160007373,0.0351839992626997
2026-03-03,229.5364,205.4636,208,260,175,227,0.8436,0.1564,0.534028424252537,0.465971575747463,0.497353838392833,0.570703010112242,0.429296989887758,0.502646161607167,0.96825148368479,0.0317485163152104
2026-03-04,228.8338,206.1662,207,259,176,228,0.831,0.169,0.533185250589675,0.466814749410325,0.496520427781001,0.56985007339835,0.43014992660165,0.503479572218999,0.964867270684971,0.0351327293150294
2026-03-05,228.0907,206.9093,207,257,178,228,0.8126,0.1874,0.532458132246276,0.467541867753724,0.495837756360538,0.569078508132014,0.430921491867986,0.504162243639462,0.96185925455216,0.0381407454478401
2026-03-06,228.4323,206.5677,206,258,177,229,0.8219,0.1781,0.532458132246276,0.467541867753724,0.495837756360538,0.569078508132014,0.430921491867986,0.504162243639462,0.96185925455216,0.0381407454478401
2026-03-07,228.486,206.514,207.5,258,177,227.5,0.8218,0.1782,0.532564975765659,0.467435024234341,0.495950739104044,0.569179212427275,0.430820787572725,0.504049260895956,0.962364947266155,0.0376350527338452
2026-03-08,228.6297,206.3703,207,259,176,228,0.821,0.179,0.532767274739272,0.467232725260728,0.496159786402829,0.569374763075714,0.430625236924286,0.503840213597171,0.963288730823879,0.0367112691761211
2026-03-09,228.9786,206.0214,207,259,176,228,0.8314,0.1686,0.533256218651981,0.466743781348019,0.49665967129185,0.569852766012112,0.430147233987888,0.50334032870815,0.965425969586777,0.0345740304132234
2026-03-10,228.7118,206.2882,207,259,176,228,0.8259,0.1741,0.533256218651981,0.466743781348019,0.49665967129185,0.569852766012112,0.430147233987888,0.50334032870815,0.965425969586777,0.0345740304132234
2026-03-11,229.0949,205.9051,207,258,177,228,0.8327,0.1673,0.533706538424388,0.466293461575612,0.497179943234189,0.570233133614586,0.429766866385414,0.502820056765811,0.967524036723072,0.0324759632769283
2026-03-12,229.1027,205.8973,207,259,176,228,0.8311,0.1689,0.533473317555049,0.466526682444951,0.496997118643883,0.569949516466215,0.430050483533785,0.503002881356117,0.966773164635312,0.0332268353646881
2026-03-13,228.767,206.233,207,258,177,228,0.8279,0.1721,0.533473317555049,0.466526682444951,0.496997118643883,0.569949516466215,0.430050483533785,0.503002881356117,0.966773164635312,0.0332268353646881
2026-03-14,228.8067,206.1933,207,257,178,228,0.8282,0.1718,0.533066152925485,0.466933847074515,0.49659947439498,0.56953283145599,0.43046716854401,0.50340052560502,0.965122597598809,0.0348774024011905
2026-03-15,229.3704,205.6296,208,260,175,227,0.8388,0.1612,0.534013481384152,0.465986518615848,0.497565687620416,0.570461275147888,0.429538724852112,0.502434312379584,0.969008823629217,0.0309911763707832
2026-03-16,229.3921,205.6079,207.5,259,176,227.5,0.8352,0.1648,0.534013481384152,0.465986518615848,0.497565687620416,0.570461275147888,0.429538724852112,0.502434312379584,0.969008823629217,0.0309911763707832
2026-03-17,229.7114,205.2886,208,260,175,227,0.8448,0.1552,0.534366841232863,0.465633158767137,0.49792716927339,0.570806513192337,0.429193486807663,0.50207283072661,0.970368164158084,0.0296318358419155
2026-03-18,229.1714,205.8286,207,259,176,228,0.83,0.17,0.533972938943597,0.466027061056403,0.497544048110696,0.570401829776497,0.429598170223503,0.502455951889304,0.968920832618385,0.0310791673816153
2026-03-19,228.849,206.151,207,259,176,228,0.8258,0.1742,0.532942445519446,0.467057554480554,0.49655504979074,0.569329841248152,0.430670158751848,0.50344495020926,0.964902589131604,0.0350974108683959
2026-03-20,228.7599,206.2401,207,259,176,228,0.8248,0.1752,0.532942445519446,0.467057554480554,0.49655504979074,0.569329841248152,0.430670158751848,0.50344495020926,0.964902589131604,0.0350974108683959
2026-03-21,229.1794,205.8206,207,259,176,228,0.8317,0.1683,0.533428481592337,0.466571518407663,0.497043076767507,0.569813886417167,0.430186113582833,0.502956923232493,0.966929472709361,0.0330705272906394
2026-03-22,228.9069,206.0931,207,259,176,228,0.827,0.173,0.533207814252066,0.466792185747934,0.496829611421558,0.569586017082574,0.430413982917426,0.503170388578442,0.966052151564267,0.0339478484357332
2026-03-23,229.4052,205.5948,208,260,175,227,0.8362,0.1638,0.533804901440918,0.466195098559082,0.497438104610641,0.570171698271196,0.429828301728804,0.502561895389359,0.968494084144742,0.0315059158552584
2026-03-24,229.5113,205.4887,209,259,176,226,0.8439,0.1561,0.533804901440918,0.466195098559082,0.497438104610641,0.570171698271196,0.429828301728804,0.502561895389359,0.968494084144742,0.0315059158552584
2026-03-25,229.0952,205.9048,207,259,176,228,0.8357,0.1643,0.533804901440918,0.466195098559082,0.497438104610641,0.570171698271196,0.429828301728804,0.502561895389359,0.968494084144742,0.0315059158552584
2026-03-26,229.1451,205.8549,208,257,178,227,0.8407,0.1593,0.533543488701636,0.466456511298364,0.497195889347744,0.569891088055527,0.430108911944473,0.502804110652256,0.967532537611043,0.032467462388957
2026-03-27,229.2067,205.7933,207,260,175,228,0.8315,0.1685,0.533543488701636,0.466456511298364,0.497195889347744,0.569891088055527,0.430108911944473,0.502804110652256,0.967532537611043,0.032467462388957
2026-03-28,228.9769,206.0231,208,258,177,227,0.833,0.167,0.533543488701636,0.466456511298364,0.497195889347744,0.569891088055527,0.430108911944473,0.502804110652256,0.967532537611043,0.032467462388957
2026-03-29,229.336,205.664,208,258.5,176.5,227,0.8419,0.1581,0.533923990854442,0.466076009145558,0.497588531202581,0.570259450506303,0.429740549493697,0.502411468797419,0.969067800101631,0.0309321998983695
2026-03-30,229.3769,205.6231,207,259,176,228,0.8375,0.1625,0.533923990854442,0.466076009145558,0.497588531202581,0.570259450506303,0.429740549493697,0.502411468797419,0.969067800101631,0.0309321998983695
2026-03-31,229.257,205.743,208,259,176,227,0.8363,0.1637,0.533923990854442,0.466076009145558,0.497588531202581,0.570259450506303,0.429740549493697,0.502411468797419,0.969067800101631,0.0309321998983695
2025-11-05,229.1816,205.8184,204,263,172,231,0.8033,0.1967,0.532818415273575,0.467181584726425,0.491207577238293,0.574429253308857,0.425570746691143,0.508792422761707,0.942647951128602,0.057352048871398
2025-11-06,228.4613,206.5387,205,259,176,230,0.8025,0.1975,0.53202282393772,0.46797717606228,0.493662366990683,0.570383280884757,0.429616719115243,0.506337633009317,0.952498228899197,0.0475017711008031
2025-11-07,228.2709,206.7291,204,259,176,231,0.8002,0.1998,0.53202282393772,0.46797717606228,0.493662366990683,0.570383280884757,0.429616719115243,0.506337633009317,0.952498228899197,0.0475017711008031
